000002
000003
000004
S_000006
B_000006
000006
000007
000008
000009
N_000012
000012
P_000013
000013
000017
000020
000023
S_000027
000027
000030
000032
000033
000034
A_000035
000035
000036
G_000037
000037
000040
000041
000042
000044
O_000045
000045
000046
P_000049
000049
000051
000052
000056
000058
000059
000062
000065
000068
000069
000074
000075
000079
000080
000081
I_000082
000082
000090
U_000093
000093
F_000094
000094
000097
000098
000105
000107
000108
000109
000112
000113
000116
000117
000120
000121
000122
000123
000125
000129
000132
000135
B_000137
000137
000138
000140
000141
000144
000146
000147
000149
000152
000154
000156
000158
000162
000168
000169
000170
000172
000180
000184
000187
000188
Q_000190
P_000190
000190
000197
000198
000200
000201
000202
000206
000210
000214
000215
000216
000217
000219
000220
000221
000222
000226
K_000227
000227
000229
C_000230
000230
H_000232
000232
000233
000236
000237
000240
000243
000244
L_000247
000247
000250
000251
000255
B_000256
000256
000259
000261
N_000269
E_000269
000269
000273
000275
000276
000277
000279
000281
000282
000284
000286
000291
000294
000295
000298
000300
000301
000303
000308
000309
000312
000314
000316
T_000321
000321
000322
000323
000326
000328
000329
000330
000333
000335
000336
000341
000342
000345
000349
000353
000354
L_000356
000356
000359
000362
000364
000365
000366
M_000368
000368
000369
000370
000371
000372
000375
000376
000378
000380
N_000381
000381
000384
J_000386
000386
000395
V_000397
000397
000401
000402
000404
000406
000407
000408
000410
I_000411
000411
000414
000415
000416
000418
000420
000422
O_000426
000426
000428
000430
000431
000432
000434
000437
000438
F_000444
000444
000445
000447
000449
000452
000453
000455
000456
000457
V_000458
000458
J_000463
000463
000468
000473
000474
V_000477
000477
000479
000480
L_000481
000481
000482
E_000483
000483
000484
000488
000493
000495
000496
000498
000499
000500
000501
000502
000503
000505
000506
000508
000511
000514
000517
000518
000524
000526
000527
000529
O_000532
000532
000533
000535
000536
000537
000538
000539
000542
000543
000545
000546
H_000549
000549
000554
000558
000559
000560
000561
000564
000566
000569
000570
000572
000577
000581
000582
000584
000588
000589
O_000591
000591
000592
000593
000594
000595
000596
000602
000603
000604
000606
000607
000608
000611
000617
T_000619
000619
000621
000622
000625
000634
000635
000636
000637
000641
000642
000643
000644
M_000647
000647
000650
000652
000653
000654
000655
000656
000657
000658
000660
000661
000667
000674
000681
000684
000685
000692
000693
000695
000698
000701
000702
000703
B_000705
000705
000706
000709
000711
S_000713
000713
000714
000718
000720
000721
A_000722
000722
H_000723
000723
000725
000729
000732
000737
E_000738
000738
000741
000743
000747
G_000752
000752
000753
000754
000756
000757
J_000762
000762
000764
R_000765
000765
000766
000768
000769
000771
000772
000773
000774
000775
000778
000779
000785
000786
000788
000789
000790
000793
000794
000795
L_000796
000796
000797
000801
000802
000804
000805
000806
000808
H_000809
000809
000810
000812
000816
000821
000826
K_000828
000828
000829
000830
000833
000835
000836
000837
000840
000842
000843
000845
000846
V_000849
000849
000850
000853
000855
000856
000857
000858
000860
000861
000863
000866
000867
000870
000874
000875
000877
000878
R_000880
000880
000882
000883
O_000885
000885
000892
000893
N_000898
000898
P_000899
000899
000901
000906
000907
000910
000911
000913
000915
000916
000919
000920
000922
C_000923
000923
000924
000925
000927
000928
000929
000933
000935
000937
000938
000941
000942
U_000944
S_000944
000944
000945
K_000947
000947
000948
Q_000950
000950
000951
000952
000953
000955
000958
000959
000960
000962
000963
000968
000969
000970
000975
F_000976
000976
H_000977
000977
000978
000979
000980
000981
000985
000987
000988
000991
000992
N_000993
000993
000994
000995
000996
000997
000999
001000
H_001004
001004
001006
001007
001010
001011
001013
001015
001016
001019
001020
001022
001023
001024
001025
B_001026
001026
001028
001030
B_001034
001034
001035
001036
001037
001041
001042
001043
P_001044
001044
001046
001049
001050
001053
J_001054
001054
001057
001058
001064
001066
001067
001068
001069
001073
001074
001075
001081
001087
001088
001089
001092
001094
001095
001096
001098
001099
001100
001103
001104
001105
001106
001109
001111
001115
001118
001119
001121
001122
001123
001124
001125
001126
T_001131
001131
001134
001137
001138
001139
V_001140
C_001140
001140
001141
001143
001144
R_001145
001145
001147
C_001149
001149
001154
001156
001157
001160
001163
E_001165
001165
M_001177
001177
001181
001184
001186
001187
001192
001195
001196
001198
001199
001201
001205
001206
001207
001208
S_001210
001210
001213
L_001216
001216
001217
001220
001221
001223
T_001227
001227
001229
E_001230
001230
001233
001236
001237
001238
001241
001242
001243
001245
001246
001247
001251
D_001253
001253
001255
001257
001260
001263
001266
001267
001271
001272
001274
001276
001283
001287
001288
001289
001290
001293
001299
001300
001302
001303
001309
001310
D_001311
001311
001312
001314
001317
001322
001324
001325
001326
001328
001329
001333
001335
001336
001337
001338
001340
001346
001350
O_001354
001354
001355
001356
001357
001358
001361
001362
001363
001364
001367
001370
001372
001373
001374
001378
001379
001382
001383
001388
001389
001390
001391
001398
001400
001402
001403
001404
001407
001410
001411
001412
001413
001414
001415
001417
001422
001423
001424
001427
001430
F_001431
001431
001432
001434
001435
001444
001447
001449
001460
001461
001462
001464
001465
001466
001468
001469
G_001472
001472
001474
001475
001477
L_001480
001480
001481
001482
001484
N_001487
001487
001490
001492
001496
001497
001500
001501
001502
001503
N_001506
001506
001507
001511
001514
001518
001519
001521
001525
001526
001529
001532
001535
001536
001540
001542
O_001545
001545
001547
001552
001554
001555
001557
001559
H_001561
V_001561
001561
I_001568
001568
001573
001574
001575
001576
E_001579
001579
001581
001582
T_001584
001584
001586
001587
001588
001594
001595
001596
001597
001599
001600
001601
001606
001608
001609
001610
Q_001611
001611
001612
001615
001616
001618
001619
001620
001621
001622
001623
001625
001628
F_001629
001629
001631
001633
001635
001643
001644
001649
001650
001651
001652
001654
001655
001656
001657
001658
001659
001660
001661
001662
001667
001668
001669
D_001670
001670
001671
001674
I_001677
001677
001678
001679
001681
001683
001684
001685
001686
O_001688
001688
001689
001690
001696
001697
001700
001707
001708
J_001713
001713
001714
001715
001716
001719
001720
001722
001729
001730
F_001731
001731
001732
001734
001737
001743
001744
V_001746
001746
001748
001749
001753
U_001757
001757
001758
001762
001763
001764
001765
001766
001773
F_001777
001777
001779
001780
F_001788
001788
001791
001792
001793
001795
001796
001800
P_001803
001803
001804
001805
001807
001809
001810
001814
001815
001818
001824
001825
L_001826
001826
001827
001828
001830
001832
001833
001838
K_001839
001839
001847
001849
001850
001852
001857
N_001860
001860
001864
001865
H_001867
001867
001869
001870
001872
001875
001876
001877
001878
001879
001881
A_001884
001884
001885
001886
R_001890
001890
001891
001893
001894
001896
W_001900
001900
001903
001908
001909
B_001910
001910
001911
001912
001913
001915
001916
K_001917
001917
001921
001925
001927
001930
001933
001936
K_001937
001937
H_001938
001938
001940
001941
001942
001943
001944
001947
001948
001950
001953
001955
001956
001957
001958
001959
001960
001962
001964
001966
001971
001972
001973
001974
001977
001979
001982
001984
C_001985
001985
001986
001987
001989
001991
001992
001994
001996
001998
002002
002005
002006
002007
I_002010
002010
002012
002014
O_002016
002016
002017
002020
002021
002022
002023
002025
002026
002027
002028
002029
002030
002032
002035
002036
002037
M_002038
002038
002042
002043
002046
002048
002050
002051
002052
002054
002057
S_002060
002060
F_002061
002061
002064
002066
002068
002071
002073
002075
002079
002081
002082
002083
M_002084
002084
002086
002089
002094
002100
002101
002110
002111
002112
002113
002114
002116
002118
002124
002125
002126
002127
002128
P_002129
002129
002131
V_002133
002133
002135
002136
002141
002143
002144
002145
002146
002148
002150
002151
002153
002154
002155
002156
002158
002159
002161
H_002162
002162
002164
002165
002166
002169
002170
002172
Q_002175
002175
002176
002180
002181
002182
002187
002190
002191
002193
002194
002195
I_002197
002197
002198
002201
002203
002204
002207
002212
002214
002216
002217
002218
002219
002220
002226
002227
002232
002233
002234
002239
002241
002244
002249
002251
Q_002253
002253
002255
P_002256
002256
002257
002258
002265
002268
002269
002274
002275
T_002276
002276
002278
002279
002281
002282
002283
P_002284
C_002284
002284
002285
002286
002289
002291
002294
002296
002297
002299
002303
002306
002307
002308
002309
002310
002311
002316
002320
002321
002322
002327
002330
002331
002333
002335
F_002341
002341
002342
002343
002344
002347
002348
002349
002350
002354
002355
002356
002358
002360
002362
002366
002368
002370
002372
002373
002375
002387
002389
002390
002391
002392
002394
002395
002396
002398
002400
002402
002405
002406
002408
002410
002411
002412
002413
002414
002415
002417
002418
P_002420
002420
002421
002423
V_002424
002424
002425
002426
002428
002430
002433
002434
O_002437
002437
002438
002439
002440
002441
002443
002446
002448
002449
M_002450
002450
002454
002455
002456
002457
002458
002461
002462
002463
002464
002465
002468
002469
002472
002474
002476
002478
002480
002482
002485
002487
002488
002489
002491
002493
E_002494
002494
002497
002500
002501
002503
002505
002506
002510
002512
002515
002519
N_002520
002520
002521
002524
002526
002527
002528
002529
002532
002533
002534
R_002535
002535
002536
002538
002543
002547
002549
002551
002553
002554
002555
002556
002557
002559
002563
S_002564
002564
002565
002567
002568
002570
002576
002579
002580
002581
002585
002588
002591
002592
002593
002594
002596
002601
002603
002605
002608
L_002611
R_002611
M_002611
002613
002614
P_002616
002616
002617
002618
W_002619
002619
002622
002628
002634
002638
002639
002640
002642
F_002644
002644
002652
002653
R_002654
002654
002655
002657
002659
002663
002666
002669
002672
O_002674
002674
002677
D_002678
002678
002684
002689
N_002690
002690
002692
B_002694
002694
002695
A_002696
002696
002697
002700
002702
002706
002708
002710
002713
002714
002715
002722
002723
002726
002727
002731
002732
002736
002738
O_002739
002739
R_002740
002740
002743
002744
002745
002746
002751
002752
002753
002756
002758
002759
002762
002767
002768
002773
002774
002775
002776
002777
002780
002785
002787
C_002790
002790
002791
B_002793
002793
002794
002796
002801
002802
002803
002805
002807
002809
002813
002814
002815
L_002816
002816
C_002817
E_002817
002817
002819
002820
D_002821
002821
002822
002826
002827
002828
002830
002832
002833
002834
002835
002836
002837
002838
002840
002841
002845
002846
002847
002849
002850
002851
002852
002853
002854
002857
002859
002860
002861
002862
002864
002866
002872
002873
002874
002875
002879
T_002880
002880
002881
002882
O_002884
002884
002885
002886
002889
P_002890
002890
E_002892
002892
002895
002902
002903
002904
002907
O_002909
002909
002911
002912
002916
002926
002927
N_002934
002934
002935
002939
002940
002942
Q_002943
002943
O_002944
002944
002945
002947
002949
002955
002957
002958
K_002959
002959
002962
002963
002965
002966
002968
002970
002973
002975
002978
002979
002980
I_002984
002984
W_002985
002985
O_002987
002987
N_002989
002989
002990
K_002991
002991
002992
002994
002999
003002
003003
003008
003010
U_003018
003018
003019
003022
003023
003024
003026
003028
003029
Q_003030
003030
003031
003033
003034
003035
003038
Q_003040
003040
003041
003042
003045
003052
003054
003056
003057
003059
E_003060
003060
H_003064
003064
003065
003067
003072
003073
003076
003078
K_003080
003080
003081
003084
003085
003086
003088
003089
003091
003094
003096
003097
003101
003102
003103
003107
003112
003114
T_003115
003115
003120
B_003122
003122
003123
003124
003125
003127
003128
003131
003133
003134
003135
003140
003141
003143
003144
003146
003147
003150
003155
003156
003159
003160
V_003161
G_003161
003161
003162
003164
003165
003166
003168
003169
003170
003175
003176
003177
003178
003183
003185
003187
003189
U_003192
003192
003194
003197
003198
003201
003205
003206
003209
003210
003211
003212
003213
003214
S_003215
003215
003218
003221
003222
003223
003225
003228
003230
003231
003234
003236
003237
003238
003239
003241
003242
003243
003246
003247
003248
003251
003253
003254
003257
003259
003260
003261
003262
003263
003264
003265
003266
003269
003272
003273
003276
003277
003279
003280
003281
003286
S_003287
003287
U_003288
003288
003289
003290
003291
003292
P_003294
003294
A_003299
003299
003304
003306
003308
003309
003311
003313
003314
003316
D_003319
J_003319
003319
003322
003324
003325
N_003326
003326
003327
003332
003333
003335
003336
H_003340
W_003340
003340
003341
003343
003345
003346
003347
J_003352
003352
C_003354
003354
003356
003357
003358
003359
003362
003367
003368
003371
003372
003374
003376
003377
003378
003380
003381
003382
003383
003387
003388
003389
003390
003392
003394
003395
003396
003397
003398
003401
003402
B_003404
003404
003406
003407
003412
003421
003422
003425
003426
003428
003429
003431
003436
003438
003442
003444
003445
003446
003448
003451
003454
003456
003458
003460
003465
003468
003469
003471
003473
T_003474
003474
003478
R_003479
003479
003485
003489
003490
003493
003496
D_003502
003502
003503
003505
003507
003508
003509
003513
003515
J_003519
003519
003520
003521
003523
003525
003526
003529
003530
003532
003534
003535
003536
003538
003542
003543
F_003544
003544
003545
003549
003552
003554
003555
003558
003561
003562
003564
003565
003567
003568
003571
003573
003574
003577
V_003578
003578
003580
P_003581
003581
003594
003595
E_003597
003597
003599
003600
003601
003604
003606
003607
003609
003611
L_003612
003612
T_003614
003614
003617
003619
003620
003623
003624
003627
003628
M_003632
003632
G_003633
003633
003635
003637
003639
003640
003641
L_003643
003643
003646
003647
003648
003650
003652
003654
003658
003660
003661
003665
003666
003668
003671
003673
003674
003675
F_003676
003676
003680
003681
003683
003684
003688
003690
C_003691
003691
003693
003695
S_003697
003697
003698
003699
003701
003702
003704
003705
003707
003711
003713
003715
003716
003717
003720
003724
003725
003726
003728
003732
003733
003734
003735
003737
003739
003742
003745
003746
003747
003749
003753
003754
G_003758
003758
003760
003766
003767
003768
003769
003772
003775
003777
003786
003787
003788
003789
003792
003793
003794
003796
N_003797
003797
G_003798
003798
003799
003801
003802
003803
003810
003811
003813
D_003815
003815
003816
003825
003826
003827
003830
003832
003834
V_003835
003835
003837
003841
003843
003844
J_003845
003845
003847
O_003848
003848
003851
003852
003853
003855
003860
003861
003862
003864
003866
003867
003870
003871
003874
003875
003880
003882
003883
003891
003895
003896
003901
003903
003905
003908
003909
003915
003917
003919
003921
003922
003925
003931
003932
W_003933
003933
003936
003939
003944
003945
003947
003950
003952
003955
003957
003961
003966
003968
003969
003970
003971
003972
003976
003977
003978
003980
003981
003982
003984
003985
003986
003989
003990
003993
003994
003995
003996
003998
003999
004000
004001
004003
004005
004006
004010
004017
004018
004020
004021
Q_004022
004022
004023
004024
004026
004027
004029
004030
004032
004034
004035
004039
004041
004042
004044
004047
004049
004051
004053
N_004055
004055
004057
004059
004061
004062
O_004064
004064
V_004066
004066
004069
R_004071
004071
G_004072
004072
004076
004077
004079
004080
004084
004086
I_004087
004087
004089
004091
004092
004093
004094
004096
004097
004100
004101
004105
T_004106
004106
004107
004108
L_004109
004109
004111
004112
004114
004116
D_004118
004118
004119
004121
004123
004125
004128
004131
004132
004135
004138
004140
004141
004143
004144
004148
004150
004156
004159
004162
004165
004169
004171
004178
004179
004181
004182
004184
004185
004186
004188
004190
004191
004197
004198
004200
004201
004202
004203
U_004204
A_004204
004204
004208
004209
004212
004213
004214
004218
004219
004220
004226
004228
004230
004232
004233
004236
004237
004238
004239
004241
004242
004243
004245
004246
004248
004249
004251
004252
004253
004255
004259
004261
004262
004267
004269
004271
004272
004274
004278
G_004280
N_004280
004280
004285
004286
T_004288
004288
004295
004296
004298
004300
004301
004305
004306
004310
004312
004314
004315
004316
004321
004323
004324
004326
004327
004328
004333
004334
004335
004337
004340
004341
N_004342
004342
004343
004348
004349
004351
004352
004353
004356
004357
004359
004365
004367
004369
004372
004374
004376
004378
004379
004383
004384
004386
004391
004395
004396
004400
004404
004405
004407
004408
004409
004413
004419
004421
004425
004426
004429
004431
M_004433
004433
004434
004436
U_004440
004440
004441
004442
004448
004451
G_004452
004452
004454
004457
004460
004461
004463
004467
004468
004470
004471
004475
004476
004480
004481
C_004482
004482
004484
004485
004487
004492
004496
004497
004500
004501
004502
004503
004506
004507
004508
004510
004511
004512
004514
004515
004516
004520
004522
004524
004525
004527
004529
004531
004532
004533
004534
004535
004536
004537
004538
004539
004542
N_004546
004546
004547
C_004548
004548
004549
004550
004554
B_004559
004559
004565
004567
004571
004572
004576
004577
004578
004579
004584
004585
004587
L_004588
004588
004589
004591
004593
004596
004597
004599
004600
I_004603
004603
004604
004606
004609
004610
004612
004613
L_004614
004614
004617
004618
004620
004623
004624
004625
004630
004634
004635
004636
004637
004638
004639
004640
004642
004643
004644
004646
004647
004649
004650
004651
004653
004655
004656
004658
004660
004663
004665
004666
004667
004669
004670
004673
004678
O_004683
004683
004685
004687
N_004690
004690
004694
004696
004700
004701
004703
004709
004712
004713
004715
004716
004718
004721
004722
004725
G_004726
004726
004728
U_004732
J_004732
004732
004735
004739
004741
004744
004747
004748
004751
004752
004753
004755
004757
004758
004760
004761
004762
004763
004765
004767
004768
004770
004771
004774
004775
004777
004781
004782
004783
O_004785
004785
004787
004788
W_004791
004791
004796
J_004798
004798
Q_004799
P_004799
004799
Q_004800
004800
004803
004804
004805
004806
004810
I_004812
004812
004813
M_004814
004814
004815
004820
004824
004825
004826
004827
004829
004830
004831
004832
004834
004836
004838
004842
004846
004849
004850
004855
004862
O_004869
004869
004871
004872
004874
004875
004876
004878
004879
U_004880
004880
004883
004886
004890
004891
004893
004894
004898
004901
004902
004903
004905
004914
004918
004919
004921
004922
004923
004925
004926
004927
004933
K_004935
004935
004936
004938
004939
004941
004943
004944
004946
004948
004949
004950
004953
004958
004959
004963
004967
004970
004980
004981
004982
004989
004992
L_004998
004998
005000
005002
005003
005005
005006
005011
005015
005017
005018
005019
005020
005022
005023
005025
005027
I_005028
005028
P_005029
005029
005032
005034
005036
005042
O_005043
005043
005044
005047
005055
005056
005058
005059
005062
P_005063
005063
005065
005066
005071
005072
005073
005075
S_005078
005078
P_005080
005080
005081
005082
005083
005085
005088
005091
C_005093
005093
005094
005100
005101
005102
005104
005105
005107
005108
W_005110
005110
005111
005112
005113
005123
005124
005127
005128
005130
005131
005132
005134
005135
005137
005140
005143
005148
005149
R_005154
005154
005157
005158
005160
005167
005168
005171
005172
005174
005177
005182
005183
L_005185
005185
005187
M_005193
005193
F_005200
005200
005201
005203
005204
005205
005206
005207
005208
005209
005211
005215
005216
005222
005223
005225
005227
005228
005231
005233
005234
005236
005240
005241
005243
005244
T_005245
005245
005246
005247
N_005249
005249
005251
005253
005255
005257
005259
005260
005261
005265
005268
S_005269
005269
005270
005271
005272
005273
005280
005282
005284
005287
005288
005290
005292
005293
005294
005297
005301
005302
005304
005305
005306
005311
005313
005315
005316
005319
005323
005325
005326
005327
005330
005331
005332
005333
005334
005335
005337
005339
005349
C_005350
005350
005353
005354
005362
005365
005366
005367
005368
005369
005370
005371
005379
005381
005382
005383
005385
005386
005387
005388
005389
005391
005392
005395
005400
005401
005402
005405
T_005408
005408
005409
005410
005411
005412
005414
J_005420
005420
005421
005422
005424
005426
005429
005430
005431
005432
005434
005435
005436
005437
005438
005442
005444
005447
005448
005449
005452
005453
005455
005456
A_005463
005463
005466
005473
005475
005476
005478
005479
005480
005482
005483
S_005484
005484
005489
005490
005491
005493
005495
005496
005497
K_005500
005500
005501
005505
U_005507
005507
005508
005511
005514
005515
005520
K_005521
005521
005524
005526
005527
005528
005530
005532
005533
005536
005539
005541
005542
C_005544
005544
005545
005546
005548
005551
005552
005553
005554
005556
005557
005564
005566
005567
005572
005575
005576
005580
005581
005584
005585
005588
005590
005592
M_005594
005594
005595
005599
005600
T_005601
005601
005603
005604
005606
005611
005613
L_005615
005615
J_005616
005616
005618
T_005624
005624
005626
005631
F_005637
005637
005640
005641
005642
005644
H_005646
005646
005649
005650
005656
005657
005660
005664
005666
005667
005670
005673
005677
005680
005683
005687
005688
005690
005691
F_005693
005693
005695
005700
005701
005706
005708
005710
005711
005716
005718
005719
005720
J_005723
005723
005724
005727
005730
D_005731
005731
005737
005738
005739
005745
005748
005750
005752
R_005754
005754
005757
005758
005762
B_005763
005763
005764
005767
005769
005775
005776
005778
005779
H_005781
005781
005782
005783
005784
005785
005786
005788
005791
S_005792
005792
005795
005796
C_005798
005798
005800
005804
005806
005807
005810
005811
005812
005814
005815
005817
005819
005820
005822
005828
005829
005832
005834
005838
005840
005841
N_005842
005842
005844
005847
005849
005855
005857
005860
005861
005865
005866
G_005868
005868
005872
005875
005878
005879
005880
S_005882
005882
005884
005886
S_005887
005887
005892
005894
005896
O_005897
005897
005902
005903
005905
005906
005907
005909
005910
005912
S_005913
005913
005914
A_005915
005915
005923
005924
005925
M_005926
005926
005927
005929
G_005930
005930
005934
005938
005939
005941
005944
005945
005947
K_005948
005948
005949
S_005952
005952
005954
005956
005957
005964
005965
005971
G_005972
005972
005975
005976
005979
005982
005985
005986
005988
005989
Q_005991
005991
005992
005993
005994
005995
005996
005997
005998
006002
006003
006004
006011
006015
006018
006019
006023
006025
006027
006028
006029
S_006030
006030
006035
006037
006039
006042
K_006043
B_006043
006043
006044
006046
006047
006049
006054
V_006056
006056
006057
006059
006062
006063
W_006070
006070
006071
006074
006075
006076
006077
006078
006080
006081
006082
S_006083
006083
006085
006087
006093
006094
006096
006099
006102
006103
B_006104
006104
006107
006108
006110
006111
006112
B_006113
006113
006119
006120
006122
006125
006126
006128
006129
006130
006131
006134
006135
006136
006139
006140
006141
006144
006147
006148
006153
006154
006155
006156
S_006157
006157
006158
006160
006161
006162
006164
006165
006167
006173
006174
006175
006182
006183
006187
006188
006189
006190
006191
006193
006197
006198
006200
006202
006206
006207
L_006209
006209
006211
006216
006218
006219
006220
M_006223
006223
006224
006227
006228
006229
006231
006232
006234
006238
006239
006240
006242
006243
006247
006252
006253
006255
006256
006259
006261
K_006262
006262
006265
006266
006268
006269
006270
006273
006275
T_006282
006282
006283
006287
006289
006292
006293
006296
006301
006302
006303
006305
006307
006308
006310
006311
006315
006317
006319
006320
U_006325
006325
006328
006333
006334
006335
006336
006342
006344
006346
006348
006350
006352
006354
006358
006360
006361
006362
006363
006364
006365
006369
006370
006373
006374
006375
006376
006377
006379
006380
006381
006382
006384
006386
006387
006388
006391
F_006392
006392
006395
006396
006397
006400
006403
006405
006407
006408
F_006409
006409
006412
006413
006414
006417
006418
006419
006422
D_006423
006423
T_006425
006425
006427
006431
006436
L_006439
006439
006440
006441
006443
006444
006447
006448
006449
006450
006451
006453
006455
006456
006460
006461
F_006462
006462
006464
006465
006469
A_006471
006471
006472
006474
006475
006476
006478
006479
006480
006482
006483
R_006484
006484
006488
006489
006490
006492
006496
006498
006500
006503
006506
006509
Q_006511
006511
L_006519
006519
006528
006529
006530
006532
006541
006543
006547
006548
006550
006551
006552
006553
006554
006555
006558
006559
006560
006562
006565
006569
006572
006581
006582
006583
006584
006587
006590
006591
006594
006596
006597
006598
006599
006601
006602
C_006604
006604
006607
006609
006611
006614
006616
006619
006622
006623
M_006624
006624
006625
006628
006629
006633
006638
006639
006641
006642
006645
O_006647
006647
006649
006650
006651
006653
006655
006656
006657
006659
006660
006661
006663
006664
006665
S_006667
006667
006668
006669
006671
006672
006673
006675
006678
006681
006682
006683
006684
006685
006688
006689
006695
006696
006697
006700
006702
006704
006707
006710
006711
006714
006715
006716
006717
006720
006721
006725
006727
006729
006731
006732
006734
L_006736
006736
006737
006738
006740
006742
006743
006744
006746
006749
006750
006751
006753
006754
006757
006764
006768
006770
006771
006773
B_006778
006778
006779
006780
006782
006785
006786
006787
006789
006790
006792
006793
006794
006800
006801
006802
006805
006809
E_006810
006810
006812
006815
006816
006820
006821
006823
006827
006829
006831
006832
O_006837
006837
006841
006843
006847
006849
006850
006851
006854
006855
006856
006857
006858
W_006861
006861
P_006863
006863
006868
006869
006873
006874
006879
006881
T_006882
006882
006884
006885
006889
006890
006891
006893
O_006896
006896
006897
006900
006901
006902
006903
006904
006905
006907
006909
006910
006913
006914
O_006915
006915
006916
006917
006918
006919
006920
006921
006922
T_006924
006924
006927
006928
006929
006931
006932
006934
006935
006936
006939
006941
006943
006945
006946
006947
006952
006956
006957
006959
006962
006963
006964
006968
006969
006970
006977
006981
006985
006989
006991
006993
006994
006995
006997
006998
F_006999
006999
007002
007003
007004
007009
007012
007013
007015
007016
007018
007021
007023
007024
007028
L_007029
007029
007030
007031
007033
007035
007036
007038
007039
007042
007043
N_007045
007045
007047
007048
007051
007054
007056
007059
K_007060
007060
007065
007068
007069
007070
007071
007072
007074
R_007076
007076
Q_007079
007079
007080
007081
007082
007084
O_007087
007087
007088
007090
007092
007094
007098
007099
007100
007103
007104
007105
007106
007108
007109
007112
007115
007117
007118
007119
007123
007127
007128
007129
007130
007132
007133
007135
007138
007139
007141
007143
007144
M_007146
007146
007148
007151
007152
G_007153
007153
007154
D_007156
007156
N_007158
007158
007159
007161
007162
007166
007167
007172
007173
007174
007177
007179
007182
007184
007185
007188
007190
007192
007194
007195
007196
007198
007201
007203
007204
007205
007207
007208
007210
007211
007212
007213
007214
007215
007217
007220
U_007223
007223
007228
007229
007231
007233
007235
007236
007239
007244
007247
007248
007250
007253
007254
007256
007257
007258
007259
007260
007261
007262
007265
007267
007268
007269
007270
007271
007272
007273
007274
007278
E_007282
007282
007284
007287
007288
007289
007293
007294
007295
007296
007299
007300
007303
B_007304
007304
007306
007307
007309
007310
007313
007315
007316
007323
007326
007330
F_007333
007333
007335
007337
U_007338
007338
007340
007341
007345
007346
007347
007349
007350
007357
007358
007361
007364
007366
007367
007368
007371
007372
007377
007378
007379
007380
007381
007382
007385
007386
007387
007388
007389
007390
007391
007392
007394
007395
007396
007398
007400
U_007402
007402
007403
007404
007407
007408
007410
007412
007413
007415
007422
007424
007425
007427
007430
007431
G_007434
007434
007437
007441
007442
007443
S_007446
007446
007447
007448
007449
007453
N_007455
007455
007457
007461
L_007464
007464
007466
007467
007468
R_007469
007469
M_007471
007471
007474
007476
007477
007482
007483
007484
007487
007489
007494
007497
007498
007499
007500
007502
007504
007505
007506
007508
007509
007510
007512
B_007515
007515
007519
007520
007521
007524
T_007525
007525
007527
007529
B_007530
007530
007532
007542
F_007545
007545
J_007553
007553
007555
007557
007560
007563
007565
007569
007571
007574
007575
H_007576
007576
007579
007580
007582
007584
007586
007588
007590
007591
007595
007596
007600
007601
007602
007603
007604
007605
007608
007609
007611
007614
007616
007618
007621
007622
007623
007632
B_007634
007634
007638
007639
007640
007642
007643
007647
007648
S_007649
F_007649
007649
007650
D_007651
007651
007652
007653
007657
007663
007664
007669
007671
007672
007673
007674
U_007677
007677
007682
007684
007685
007686
007687
007694
007697
007699
007700
007701
007702
007704
007705
007710
007711
007713
007718
007719
007721
S_007722
007722
007726
007728
007729
007737
007738
007740
007741
007743
L_007744
007744
007746
007748
F_007753
007753
007755
007757
007760
007764
007769
007771
007773
J_007780
B_007780
007780
007782
007783
M_007784
007784
007785
007788
007789
007790
007795
007796
007797
007798
007801
007805
007807
007809
007810
007813
007816
007817
007823
T_007825
007825
007826
007830
007833
007834
007835
007836
007839
007840
007842
N_007844
007844
007846
007848
007851
007852
007853
007854
007856
C_007858
007858
007859
007860
007861
007866
007868
007870
007871
L_007875
007875
007876
007880
007881
007882
007883
007892
007902
007909
007910
007913
007914
007915
007917
G_007919
007919
007921
007922
007923
007925
007928
007930
007931
007934
007937
007938
007942
007945
007947
007948
007950
007954
P_007955
007955
007958
007961
007962
007963
007965
007966
007967
007968
007969
007972
007974
007977
007979
007981
007982
007984
007985
007986
F_007987
007987
007988
007989
007990
007992
007993
007994
007996
008001
008003
008005
008007
008008
008010
008011
008012
008017
008018
008021
008022
008023
008024
008026
008028
008030
008033
008034
008035
008041
008044
008045
008047
008048
F_008049
008049
008050
008051
008054
008056
008058
008059
008061
M_008063
008063
008071
008072
008074
008075
O_008079
008079
008080
008081
K_008085
008085
B_008086
008086
008089
008091
008094
F_008095
008095
008097
008099
008101
008102
008103
008104
008106
008110
008113
008115
008116
008118
008120
F_008122
008122
S_008123
008123
W_008126
008126
008127
008129
008133
008134
008136
008137
008140
008142
008143
008145
008146
008149
008150
008153
N_008155
008155
008156
008160
008161
008163
008167
008169
008171
008175
008176
008178
008180
008181
008182
008184
008185
008186
008188
008189
008190
008195
E_008197
008197
Q_008198
008198
008200
008201
008202
008203
008204
008206
008209
008210
008212
008214
008217
008218
008220
008222
008223
008224
008225
008226
U_008228
008228
008230
008231
008233
008234
W_008236
008236
008237
008240
008241
008242
008243
008245
M_008246
008246
008247
008249
008258
008259
008260
008261
008263
008264
008267
008268
008269
008270
008273
008274
008278
008279
008288
008289
008290
D_008293
008293
008294
008295
008297
008300
008301
008302
008303
008305
008311
008313
008318
008319
008321
008323
008324
008325
008327
008330
008334
008335
008336
008337
008345
008347
008348
M_008355
008355
008356
008361
D_008364
008364
008365
008366
008368
008370
008372
008374
008376
008379
008384
008385
008386
H_008387
008387
008389
008390
008392
008394
D_008396
008396
008398
008402
008403
008407
008408
N_008411
008411
008412
008414
008416
008418
008421
008422
U_008423
008423
008426
008427
008428
008430
008436
008441
008442
008444
J_008446
008446
J_008447
008447
008450
R_008452
008452
008453
008455
008456
008459
008460
008465
008467
U_008472
008472
008473
008476
008477
008478
008480
008482
008483
008485
008488
008491
008492
008494
008497
008507
008509
008510
008513
008514
008515
008516
008519
008523
008524
008525
008530
008532
008533
008535
008538
D_008541
008541
008544
L_008545
008545
008546
008547
008549
008551
008555
008557
008558
008561
Q_008562
008562
008563
008568
008571
008572
008573
008575
008579
008580
008581
008582
008584
008585
008586
008587
008589
008591
008596
008599
008600
008601
008602
T_008604
008604
008605
008606
008607
P_008608
008608
008612
008616
T_008619
008619
008621
008622
008623
008624
008625
008627
008628
008629
008631
008634
008638
H_008639
008639
008641
008642
008644
008645
008647
R_008648
008648
J_008650
008650
008655
008656
008662
008663
008665
008669
008670
008671
008674
008675
008677
008679
008680
008684
008688
008690
008693
008695
008698
008699
008703
008706
008709
008710
008711
008712
008713
008716
008717
008719
008722
A_008723
008723
008726
008728
008733
008735
008736
008737
008738
008741
008744
008745
V_008747
008747
F_008753
V_008753
008753
008754
008756
008762
008763
008764
008765
M_008766
008766
008769
008770
008773
008776
008778
008783
008784
008785
008788
008789
008790
008792
008793
008795
008796
008800
008804
008805
008808
008810
008811
W_008812
008812
008813
008820
008823
008827
008831
008832
008833
008836
008839
008841
008842
008847
H_008848
008848
008849
008852
008855
008856
D_008857
008857
Q_008858
008858
008860
008867
008868
008869
008870
008873
008876
U_008878
008878
008879
008882
008883
008884
008885
008889
008893
008894
008897
008898
008899
008901
008903
008911
008912
008914
008917
008919
008924
008925
008926
008929
008937
008938
008941
008950
008956
P_008957
008957
008958
008960
008962
008963
D_008968
008968
008969
008972
008974
008975
008976
008977
S_008978
008978
008979
M_008980
008980
008985
008988
008990
008992
008993
008996
008997
009005
009006
S_009007
009007
009009
009012
009014
009015
009019
009020
009021
G_009025
009025
009026
009029
009033
009035
009036
009039
009040
009042
009045
009046
009047
009050
009053
009060
009061
009062
009063
009065
009066
009067
009069
009071
009073
009076
009079
J_009081
009081
009083
009085
009087
009089
009091
L_009092
009092
009095
009097
009100
009101
009104
009105
009107
009110
009111
009114
009115
009117
009119
009120
009121
009122
009126
009127
009128
009129
009130
009131
009132
009138
009141
009143
009144
009145
009147
009149
009151
009152
009153
009154
009155
009156
009157
009158
009160
C_009162
009162
G_009163
009163
009164
009166
009167
009168
009169
009170
009172
009173
009174
009176
009180
T_009182
009182
009185
009188
009189
009190
009191
009192
R_009193
009193
009194
009196
009197
009198
009200
009202
009204
009205
009208
009210
009214
009215
Q_009219
009219
009221
009223
009224
009226
009227
009228
A_009229
009229
009231
009232
009234
009236
C_009243
009243
009245
009250
009255
009257
009260
009264
009266
009267
009268
M_009269
009269
009271
009275
009276
009277
009278
009279
009280
009285
009286
009293
B_009295
A_009295
009295
009296
009299
009300
009301
009306
U_009307
N_009307
009307
K_009308
009308
009309
009311
009312
009313
009315
009317
009318
009319
009321
F_009323
009323
009325
009326
009327
009328
009329
009330
009336
009339
009342
009345
B_009347
009347
009348
009350
009358
009360
009361
009362
009364
009365
009367
009374
009376
009378
009379
009386
009387
009389
009390
009393
009397
009403
L_009404
009404
K_009406
009406
009408
009409
009413
009416
009418
009420
009422
009423
009424
U_009428
009428
009429
P_009430
009430
F_009431
009431
009435
009436
009438
009439
009442
009444
009446
009447
009452
009453
009454
009456
009458
009460
009461
009463
009464
009465
A_009467
009467
009468
009469
G_009471
009471
009472
009473
E_009474
009474
009475
009476
009480
009481
009483
009487
009489
009490
J_009491
009491
009495
009496
009498
G_009501
009501
009502
009503
009504
009505
009506
009507
009508
009512
009513
H_009515
009515
009522
009523
009526
009527
009529
009530
H_009531
009531
009532
009534
009536
009538
009540
M_009542
009542
009546
009547
009549
009550
009551
T_009555
009555
009557
009558
009559
009560
R_009563
009563
009564
S_009567
009567
009569
009570
009571
009572
009573
009575
009582
T_009583
009583
009586
009588
009589
009592
009593
009595
009597
009598
009599
009601
009602
009603
009605
009607
N_009610
009610
009611
009612
009615
009616
009619
009620
009624
009627
009628
009630
R_009631
009631
009634
A_009635
009635
E_009636
009636
009638
009639
009641
009644
009647
009648
009649
009650
009655
009656
009657
009659
A_009660
009660
009661
009662
009663
009665
009667
009669
D_009674
009674
009675
A_009676
009676
B_009677
009677
009678
009680
009681
009682
009683
009684
009693
009694
009695
009697
009698
009699
009700
009704
009705
009715
009718
009721
009723
009728
009731
009733
V_009734
009734
009735
009736
009737
F_009738
009738
009740
009742
009743
009745
009746
009748
009755
009759
009760
009764
009765
009766
009767
009769
009772
D_009779
009779
009780
009781
009782
009783
009785
009786
009787
009788
009789
009791
009792
009795
009797
009798
W_009800
009800
009802
009803
009804
009805
009806
009809
009810
009812
009814
009819
009820
009823
009825
009826
M_009827
009827
C_009828
009828
009829
009832
009836
009837
009842
A_009847
009847
009848
009850
009851
009853
009855
009856
009857
009864
009865
009866
009868
V_009869
009869
009870
009875
009878
009879
N_009882
009882
009883
009885
009888
009889
009891
009893
009895
009897
009899
009900
009902
009904
009907
009912
009914
009915
009916
009920
009921
009923
009925
009927
009929
009932
009934
009935
009937
009938
009940
009943
009947
009948
009952
009953
009956
009957
009959
V_009963
009963
009966
009969
009970
009971
009974
009975
009976
009980
009981
009983
009984
009985
009987
009988
009990
009993
009995
009997
F_009998
009998
009999
010002
010004
010005
010006
010011
010012
010014
T_010017
010017
010019
N_010020
010020
010021
010022
010024
010025
010030
010031
010033
010034
010035
010040
B_010041
010041
010042
010044
010049
010050
R_010051
010051
010053
010058
010059
F_010060
010060
010063
010064
010065
B_010066
010066
010067
010069
010073
010079
010081
010086
010087
010089
010090
W_010092
010092
010098
M_010099
010099
010101
010102
010103
010107
010108
010109
010113
S_010115
010115
010119
010120
010122
010125
010128
010129
010132
010134
O_010136
010136
010137
010140
010144
010146
010149
O_010151
010151
010152
010154
010155
010158
010159
010166
010169
010171
010176
010178
K_010179
010179
010180
010184
010185
010187
010190
010191
010197
010198
F_010200
010200
B_010203
010203
010205
010206
010207
010208
010209
010210
010211
M_010216
010216
010217
010218
010220
010221
010222
010227
010228
010229
010230
010231
010232
010237
010242
010249
010253
010255
010256
010259
010261
010262
010263
U_010265
010265
010269
O_010271
010271
010272
010276
010277
010278
010279
P_010281
010281
W_010284
010284
010285
010289
010293
010295
010296
010297
W_010300
010300
010302
L_010307
010307
010309
010311
010314
010316
010318
010321
010322
010324
V_010325
010325
010328
010330
C_010332
010332
010333
010335
010336
010337
010338
E_010339
010339
010340
I_010341
F_010341
010341
C_010344
010344
010345
010346
010347
010348
010349
010351
010354
010358
010359
010362
O_010365
010365
010368
010369
010370
010371
010373
010374
010375
010376
010377
010379
010380
A_010382
010382
E_010386
010386
010387
I_010389
010389
010391
010393
010395
010397
010398
010399
010400
010403
010406
010407
010408
010410
010411
010414
010415
010416
C_010417
010417
010422
010423
010427
010430
010433
010434
010438
010442
010444
Q_010446
010446
010448
010449
010451
010454
010455
J_010457
010457
010459
010460
010461
010462
010463
010465
010466
010467
010470
010471
010475
010476
010477
010484
010485
010488
010490
010491
010498
010501
010502
010503
010504
010506
010507
E_010508
010508
010510
010514
010519
010521
D_010527
010527
010528
010530
010532
010535
010536
010539
010548
010550
010555
010556
R_010561
010561
010566
010567
010569
010570
010571
010573
D_010574
010574
J_010575
W_010575
010575
010577
010578
010581
010583
010584
010585
010589
010590
010594
010595
010596
010597
010599
010602
010604
010605
010606
010607
010609
010610
T_010611
010611
010612
K_010613
010613
010614
010619
010620
010621
010622
010623
010624
010625
010628
010629
010630
A_010640
010640
010643
010646
010653
010654
S_010655
010655
I_010656
010656
010657
010662
010663
010664
U_010666
010666
010667
010670
010672
010674
010675
010678
010680
010682
010684
010686
010687
010688
010689
010690
010692
010693
010697
010701
010707
010708
010710
010712
010716
010717
010718
010723
010725
010727
010728
010732
010734
010738
010740
010746
010747
010748
010757
010758
010760
010762
010764
010770
Q_010771
010771
010772
010774
010775
010776
010777
010778
010779
010782
N_010783
010783
010786
010787
010788
010789
010790
010796
010800
010801
010802
010804
Q_010806
010806
010807
010808
E_010812
010812
010813
010815
010820
010821
010822
010824
010826
W_010829
010829
010831
010832
010833
010836
010839
010842
010845
010846
B_010847
010847
U_010853
010853
010854
010859
010860
010864
010865
010866
010867
010869
010870
010872
010875
010877
010880
010882
010884
010885
010887
010889
010890
010892
010893
010894
010900
010903
010904
010906
010910
010911
B_010912
010912
010913
T_010914
010914
010916
010924
010925
010926
010931
010932
010935
010943
010944
010947
010948
010950
010951
010953
010954
010969
B_010970
U_010970
010970
010971
010972
010974
010975
010977
010980
010983
010988
010989
010991
G_010999
010999
011000
011002
011003
R_011005
A_011005
011005
011006
G_011007
011007
011009
011010
011016
011017
011020
011023
011024
011025
011027
011029
011033
011034
011038
011040
011041
011042
011045
011047
E_011049
011049
J_011050
011050
011054
011057
011060
011061
011062
011064
011065
011066
011067
011068
011069
011071
011072
011081
W_011083
011083
011086
N_011090
011090
011092
011094
011096
011097
011098
011099
011102
011106
011108
011109
011110
011112
011113
011114
011115
011116
011117
011121
E_011122
011122
011123
011124
011125
011131
011134
011135
011142
011147
011148
011149
011150
011151
011152
011154
011155
011157
011159
011160
011161
A_011163
011163
011164
011168
011170
011173
011175
011176
L_011177
011177
011178
011180
011186
011187
011188
011190
011193
011194
011195
011196
011197
011198
011200
011204
011205
011208
011209
Q_011212
011212
011218
011219
011227
011228
V_011229
011229
011232
011233
011235
011236
W_011237
011237
011238
011243
D_011246
011246
P_011248
011248
011250
011253
011259
011260
011264
011265
011267
011268
011269
011272
011273
011274
011275
011277
011278
011279
011283
011286
011287
011288
011290
011292
011293
011294
011298
011299
011300
011304
011305
J_011306
011306
011312
011313
011318
011319
011321
011322
011324
011326
O_011328
011328
011329
011333
011336
011341
011347
011350
011353
011354
011355
O_011357
011357
011362
011366
F_011367
011367
U_011369
011369
011370
011373
E_011376
011376
011380
011381
011383
011386
011391
011393
011395
011399
011403
A_011405
011405
011410
011414
011415
011416
011417
011418
011423
011424
011428
011429
M_011433
011433
011434
011439
T_011440
011440
011446
011448
011449
011452
011453
011454
011455
E_011456
011456
011460
O_011462
011462
011467
011468
011470
011473
011475
011476
011478
011482
011483
011485
011486
V_011487
W_011487
011487
011489
011490
011497
011498
F_011499
011499
011500
011501
011502
011505
011506
011507
011508
011509
011510
011513
011514
011515
K_011516
011516
011519
011523
011524
011525
011527
Q_011528
011528
011530
011533
011535
V_011541
011541
011544
011551
011554
011556
011559
011565
011570
011572
011578
011580
011581
011584
011586
011587
P_011588
011588
011591
011593
011597
011599
011601
011602
011605
011610
011613
011614
011616
011619
011620
011621
011623
011624
011625
011628
011631
011634
011638
011639
011642
011644
011647
011648
011649
011650
011654
011655
011656
011657
011658
011660
011663
011666
011671
011675
011676
011678
011685
011689
011691
011693
011699
011700
011702
011704
011706
011707
011708
011709
011710
011714
E_011715
011715
011721
B_011723
011723
011724
011727
011728
011729
011730
011734
011735
011736
011739
011741
011742
011744
011748
011749
011750
011752
011756
011759
011760
011761
011766
011770
011773
011774
011776
011779
011783
011786
011788
011790
011791
011794
011800
011801
011804
011807
011808
011815
011817
011819
011820
011822
011824
011826
011828
011829
011830
011831
011832
011835
011836
011837
011838
011840
011844
011845
P_011847
011847
011848
011849
011850
011851
011855
011856
011857
011858
011860
011862
011865
011866
011867
011868
011869
011871
011872
011874
011875
011876
011877
011878
011880
011881
011882
011884
011885
011886
011888
011889
011891
011893
011899
011900
011901
S_011902
011902
011903
011908
011909
011913
011914
011919
011920
011922
011925
011928
011929
011931
011936
011938
011939
011941
011942
011943
011944
011945
011946
011948
011951
M_011952
011952
F_011953
011953
011954
011955
011957
011959
011960
011967
011970
011971
011973
P_011974
011974
W_011976
011976
011977
011979
011980
011983
011984
011986
011989
011990
011995
011998
012002
012003
012004
012006
012007
012012
012014
012016
012018
012019
012022
012026
012027
012029
012030
012038
012040
012042
012047
012048
012050
012055
I_012056
012056
012061
012063
012066
G_012067
012067
012068
012070
012072
012074
012076
P_012078
012078
012081
012083
012086
012088
012090
012092
012093
012096
012101
012104
012105
012106
012109
012110
012112
012113
Q_012115
012115
L_012116
012116
012119
012120
012121
012122
012125
012126
012129
012130
012131
012133
012134
012137
012140
012141
012142
012144
012146
012147
012148
012152
012155
012156
012157
012161
012162
012166
012169
012170
012172
012173
012175
012178
012181
012191
012192
012196
012198
012199
012201
U_012202
012202
012203
012204
012206
012208
012212
012214
012216
012217
012227
S_012228
012228
012229
012234
012236
012237
012241
012246
012247
012248
012249
012252
012253
R_012254
012254
M_012256
012256
012257
012258
012266
012271
012272
012275
012276
012279
E_012283
012283
012286
012287
U_012288
012288
K_012293
012293
012297
012301
012305
012307
012312
012313
012314
012317
012318
012322
012323
012325
012329
012331
012333
012334
012336
012338
012341
K_012345
012345
012346
012348
012350
012351
012352
012353
012354
012357
012358
012359
012360
012363
012367
012368
012369
012370
012373
012374
012375
012377
012379
012381
012382
012383
012386
012389
012390
E_012391
012391
012392
012394
012396
012401
012403
012404
012405
B_012407
012407
012409
012411
012412
O_012413
012413
012415
012419
012422
012424
012427
012428
012430
012432
012433
012436
012438
012440
012442
B_012443
012443
012444
012449
V_012450
012450
012452
012453
012455
012456
012457
012458
012460
012462
012463
012466
012467
012468
012469
012472
012473
012475
012476
012480
012481
012482
012483
012485
012486
012487
012489
012493
012494
012496
012497
012501
012502
012504
012507
012510
012511
012512
012513
012514
012517
012519
012525
012526
012528
012535
012536
012537
012538
012539
012544
012545
012546
012548
012552
012556
012560
012563
012564
K_012566
012566
012569
012571
Q_012573
012573
Q_012574
012574
012576
012582
012586
012588
012590
012591
012593
012596
012597
012603
B_012606
012606
M_012607
012607
012609
012612
012613
012614
012617
012618
012620
012623
012626
012627
012629
012631
012634
012635
012636
012638
012641
012642
012643
012646
012650
012651
012652
012653
012654
012658
012659
012661
012662
012666
012667
012669
012672
012676
012677
012681
012682
T_012683
012683
012684
012685
012687
012690
012692
012695
012700
012701
012702
012703
012705
012709
012714
C_012715
012715
012721
012723
012726
012728
012731
012734
012737
012738
012740
012742
012745
012748
012749
012750
012751
012754
012756
012758
012759
012760
012763
012764
012765
012766
W_012768
012768
012770
012772
012774
B_012776
012776
012777
012778
012780
012781
012785
012786
012788
012794
012796
012797
012800
012801
012803
012804
012806
012811
012812
012814
012816
012819
012820
012821
012823
012826
E_012827
012827
B_012831
012831
012834
012835
012841
012842
012846
012847
012850
012851
012854
012855
A_012860
012860
012862
L_012863
012863
012864
012866
012867
012868
012869
012871
012872
012873
012875
012876
012878
012879
012880
012885
012888
012893
012894
012895
012897
012900
012902
012904
012906
012907
012908
012909
012914
012915
012916
012920
N_012921
012921
012922
012923
012924
012928
012929
012931
012933
H_012934
012934
012936
012938
012943
V_012947
012947
012948
012953
P_012954
012954
012955
012957
012959
012963
012964
012966
012971
012972
012973
012974
S_012978
012978
012979
012982
012984
012987
012988
012989
012990
012995
012999
013001
013005
013009
013011
013012
013014
013018
V_013021
013021
013024
013026
013027
013030
013032
013033
013034
013035
013037
013039
C_013043
013043
013045
013047
013048
013049
013052
013054
013059
013061
013062
D_013064
013064
013065
013066
C_013070
013070
013072
013081
013083
013084
013086
013094
013095
013099
013100
013102
L_013107
013107
013109
013110
013113
013114
013115
013118
013119
013121
013123
013126
O_013127
013127
013128
N_013129
013129
013135
J_013137
013137
013138
013139
013141
013142
013144
013146
013148
F_013149
013149
013150
013151
013152
013156
013158
013159
013161
013162
013165
013170
013173
013176
013177
013178
E_013179
013179
013181
013183
013184
013185
013187
013192
013193
013196
013197
013198
013204
013205
013206
013209
013214
013215
013216
013223
013225
013227
013230
013233
013234
013235
U_013236
013236
013237
013240
M_013241
013241
013242
013243
013245
013247
013248
013250
013254
R_013257
013257
013261
013263
013265
013266
013267
013270
013271
013274
013275
013279
013280
013285
013293
013296
013297
013298
W_013301
013301
013302
013303
013304
013311
013312
013313
013321
013325
013326
013327
013328
013329
013330
013331
013333
013335
013337
R_013338
013338
013342
013345
013346
013347
013348
013349
013353
013354
013355
013357
013361
013364
013365
013367
013368
013369
013372
013374
013375
013376
013377
013383
013384
013385
013386
013387
013390
013391
013392
013394
G_013395
013395
013399
013400
013401
013405
013406
013407
013408
013410
013414
013416
013421
013424
V_013425
013425
013427
013429
H_013430
013430
013432
013436
013438
E_013439
013439
013441
013442
013445
013446
013450
013453
013455
013457
013458
013459
013460
013464
013465
013470
013472
013473
013477
M_013480
013480
013483
013484
013486
013487
G_013488
013488
013490
013491
013493
013494
013495
013496
013497
013498
013499
013501
013502
013503
013505
013510
013513
013515
013517
013518
013520
013521
013522
013523
013525
013526
013531
013535
013536
013537
013538
013539
013541
013545
013551
013552
013553
013557
013559
013560
013563
013565
013566
013569
013570
013571
013575
013582
Q_013583
013583
013584
013588
013589
T_013590
013590
013594
013595
013596
013598
013600
013606
013607
013609
013613
013616
013617
013618
013620
P_013621
013621
013623
013625
013627
013630
013631
013637
V_013639
013639
013640
V_013644
013644
013650
013651
013653
013657
013659
013660
013662
013663
013667
013669
013672
M_013677
013677
013679
013681
013684
013686
013687
G_013691
013691
C_013693
013693
013694
013696
013697
013698
013701
013702
013704
013708
013711
013713
013715
013717
R_013724
013724
013726
013727
013729
013731
013733
013737
013740
013743
013746
013749
013751
013752
013759
013760
013762
013764
013767
013769
013771
013773
013774
013775
E_013781
013781
T_013783
013783
013785
013787
013788
013789
013794
S_013797
013797
013799
013800
013801
013805
013807
013808
013809
013813
013814
013815
013818
013819
013820
013821
013825
013826
013827
013829
013834
013836
013837
R_013840
013840
013841
013843
013844
013845
013847
013848
013852
E_013854
013854
013856
013857
013858
013859
013860
013861
013862
013865
013866
013867
013868
013869
013872
013876
013877
013878
013882
013883
013884
013885
013886
013887
013890
013891
013892
013893
013894
013895
013896
013897
013899
013903
013912
013913
013914
013916
C_013917
013917
013918
013919
013922
V_013924
013924
013925
013930
013931
013932
013933
013935
013938
013939
013940
013941
013943
013944
M_013946
013946
013948
013950
013954
O_013956
013956
013957
013959
013976
013977
013979
013982
013984
013985
013986
013987
013989
013990
013991
C_013992
013992
013993
013994
013995
013996
013997
G_013999
013999
014001
014004
014006
014011
014013
014014
014017
A_014018
014018
014022
014023
014024
014027
014028
014034
014036
O_014038
014038
014040
014042
014044
014045
F_014048
014048
014050
014052
014057
V_014058
014058
014059
F_014062
014062
014063
014064
L_014065
014065
014067
014068
014069
014071
014073
014074
014075
014079
014080
014081
014083
M_014084
014084
014085
014086
014089
014097
014098
U_014099
014099
014100
014101
014103
G_014105
014105
014107
014111
014116
014117
014118
014121
H_014122
014122
K_014125
014125
014127
014132
014135
014136
014137
014138
014140
014141
014142
014143
014144
014145
014147
014148
014149
014152
014153
014154
014158
014159
014164
014166
014167
014173
014174
014175
014176
014178
014179
014182
014187
014190
J_014191
014191
014193
014196
014197
014199
014201
014202
S_014206
014206
I_014207
014207
014208
014209
E_014210
014210
014212
014216
014219
014220
014223
014226
014227
014229
014230
014231
014235
014236
014237
014240
014241
014242
014243
014246
014249
014251
B_014254
014254
014257
014259
014262
014264
014266
014267
014270
014275
014276
014278
014281
014282
014284
014286
014287
014288
014297
014298
014301
014303
014308
014317
014322
014323
014328
P_014329
014329
014332
014334
014340
014341
014343
014344
N_014345
014345
014346
014349
014350
014353
014355
014357
014359
014360
L_014363
014363
014364
014365
014366
014369
014370
014371
014372
014373
014374
014375
014376
014377
014378
014381
014383
014385
014386
014388
014391
014397
014398
014399
014400
014404
014405
014406
014407
014408
014410
014411
014412
014413
014417
014418
K_014419
014419
014421
014424
014430
014433
014435
A_014438
014438
014439
014441
014442
014450
014451
014452
014455
014458
014459
014461
014465
014466
014468
014469
014470
014473
014474
014475
014476
K_014478
014478
014479
014482
014483
014485
V_014486
014486
014487
014493
014494
014495
014498
J_014500
014500
014505
014507
014509
014513
014514
014518
014520
014521
014524
014525
014527
014531
014532
014538
014539
014548
014550
014551
014552
014553
014555
014556
014558
014559
014561
Q_014563
014563
014564
014570
W_014572
014572
014575
014576
014580
014582
014583
014584
014585
014590
014591
014592
014593
S_014595
014595
014598
014600
014602
B_014608
014608
014610
014611
014614
014615
